{
 "cells": [
  {
   "cell_type": "code",
   "execution_count": 105,
   "id": "a290ca80",
   "metadata": {},
   "outputs": [],
   "source": [
    "import pandas as pd\n",
    "import numpy as np"
   ]
  },
  {
   "cell_type": "code",
   "execution_count": 106,
   "id": "2569d562",
   "metadata": {},
   "outputs": [],
   "source": [
    "netflix=pd.read_csv(r'C:\\Users\\lenovo\\Desktop\\ironhack\\Labs\\DAFT_212\\module_3\\Project_week_7\\imdb3.csv',index_col=0)"
   ]
  },
  {
   "cell_type": "code",
   "execution_count": 107,
   "id": "061209c5",
   "metadata": {},
   "outputs": [
    {
     "data": {
      "text/html": [
       "<div>\n",
       "<style scoped>\n",
       "    .dataframe tbody tr th:only-of-type {\n",
       "        vertical-align: middle;\n",
       "    }\n",
       "\n",
       "    .dataframe tbody tr th {\n",
       "        vertical-align: top;\n",
       "    }\n",
       "\n",
       "    .dataframe thead th {\n",
       "        text-align: right;\n",
       "    }\n",
       "</style>\n",
       "<table border=\"1\" class=\"dataframe\">\n",
       "  <thead>\n",
       "    <tr style=\"text-align: right;\">\n",
       "      <th></th>\n",
       "      <th>content_id</th>\n",
       "      <th>title</th>\n",
       "      <th>year</th>\n",
       "      <th>kind</th>\n",
       "      <th>genre</th>\n",
       "      <th>rating</th>\n",
       "      <th>vote</th>\n",
       "      <th>country</th>\n",
       "      <th>language</th>\n",
       "      <th>director</th>\n",
       "      <th>runtime</th>\n",
       "      <th>norm_rating</th>\n",
       "      <th>norm_vote</th>\n",
       "      <th>popularity_rating</th>\n",
       "      <th>rating_category</th>\n",
       "    </tr>\n",
       "  </thead>\n",
       "  <tbody>\n",
       "    <tr>\n",
       "      <th>0</th>\n",
       "      <td>0</td>\n",
       "      <td>Dinosaur Planet</td>\n",
       "      <td>2003.0</td>\n",
       "      <td>tv series</td>\n",
       "      <td>Others</td>\n",
       "      <td>7.7</td>\n",
       "      <td>474.0</td>\n",
       "      <td>United States</td>\n",
       "      <td>English</td>\n",
       "      <td>Unknown</td>\n",
       "      <td>50.0</td>\n",
       "      <td>0.600000</td>\n",
       "      <td>-0.176875</td>\n",
       "      <td>0.423125</td>\n",
       "      <td>Average</td>\n",
       "    </tr>\n",
       "    <tr>\n",
       "      <th>1</th>\n",
       "      <td>1</td>\n",
       "      <td>Get Up and Dance!</td>\n",
       "      <td>1994.0</td>\n",
       "      <td>video movie</td>\n",
       "      <td>Family</td>\n",
       "      <td>8.1</td>\n",
       "      <td>18.0</td>\n",
       "      <td>United States</td>\n",
       "      <td>English</td>\n",
       "      <td>Steve Purcell</td>\n",
       "      <td>83.0</td>\n",
       "      <td>0.866667</td>\n",
       "      <td>-0.243258</td>\n",
       "      <td>0.623409</td>\n",
       "      <td>Good</td>\n",
       "    </tr>\n",
       "    <tr>\n",
       "      <th>2</th>\n",
       "      <td>2</td>\n",
       "      <td>8 Man</td>\n",
       "      <td>1992.0</td>\n",
       "      <td>movie</td>\n",
       "      <td>Others</td>\n",
       "      <td>5.5</td>\n",
       "      <td>93.0</td>\n",
       "      <td>Japan</td>\n",
       "      <td>Japanese</td>\n",
       "      <td>Yasuhiro Horiuchi</td>\n",
       "      <td>99.0</td>\n",
       "      <td>-0.866667</td>\n",
       "      <td>-0.232340</td>\n",
       "      <td>-1.099006</td>\n",
       "      <td>Very bad</td>\n",
       "    </tr>\n",
       "    <tr>\n",
       "      <th>3</th>\n",
       "      <td>3</td>\n",
       "      <td>What the #$*! Do We (K)now!?</td>\n",
       "      <td>2004.0</td>\n",
       "      <td>movie</td>\n",
       "      <td>Others</td>\n",
       "      <td>5.3</td>\n",
       "      <td>13432.0</td>\n",
       "      <td>United States</td>\n",
       "      <td>English</td>\n",
       "      <td>William Arntz</td>\n",
       "      <td>60.0</td>\n",
       "      <td>-1.000000</td>\n",
       "      <td>1.709502</td>\n",
       "      <td>0.709502</td>\n",
       "      <td>Good</td>\n",
       "    </tr>\n",
       "    <tr>\n",
       "      <th>4</th>\n",
       "      <td>4</td>\n",
       "      <td>Class of Nuke 'Em High Part II: Subhumanoid Me...</td>\n",
       "      <td>1991.0</td>\n",
       "      <td>movie</td>\n",
       "      <td>Others</td>\n",
       "      <td>4.5</td>\n",
       "      <td>2177.0</td>\n",
       "      <td>United States</td>\n",
       "      <td>English</td>\n",
       "      <td>Eric Louzil</td>\n",
       "      <td>96.0</td>\n",
       "      <td>-1.533333</td>\n",
       "      <td>0.071041</td>\n",
       "      <td>-1.462292</td>\n",
       "      <td>Very bad</td>\n",
       "    </tr>\n",
       "  </tbody>\n",
       "</table>\n",
       "</div>"
      ],
      "text/plain": [
       "   content_id                                              title    year  \\\n",
       "0           0                                    Dinosaur Planet  2003.0   \n",
       "1           1                                  Get Up and Dance!  1994.0   \n",
       "2           2                                              8 Man  1992.0   \n",
       "3           3                       What the #$*! Do We (K)now!?  2004.0   \n",
       "4           4  Class of Nuke 'Em High Part II: Subhumanoid Me...  1991.0   \n",
       "\n",
       "          kind   genre  rating     vote        country  language  \\\n",
       "0    tv series  Others     7.7    474.0  United States   English   \n",
       "1  video movie  Family     8.1     18.0  United States   English   \n",
       "2        movie  Others     5.5     93.0          Japan  Japanese   \n",
       "3        movie  Others     5.3  13432.0  United States   English   \n",
       "4        movie  Others     4.5   2177.0  United States   English   \n",
       "\n",
       "            director  runtime  norm_rating  norm_vote  popularity_rating  \\\n",
       "0            Unknown     50.0     0.600000  -0.176875           0.423125   \n",
       "1      Steve Purcell     83.0     0.866667  -0.243258           0.623409   \n",
       "2  Yasuhiro Horiuchi     99.0    -0.866667  -0.232340          -1.099006   \n",
       "3      William Arntz     60.0    -1.000000   1.709502           0.709502   \n",
       "4        Eric Louzil     96.0    -1.533333   0.071041          -1.462292   \n",
       "\n",
       "  rating_category  \n",
       "0         Average  \n",
       "1            Good  \n",
       "2        Very bad  \n",
       "3            Good  \n",
       "4        Very bad  "
      ]
     },
     "execution_count": 107,
     "metadata": {},
     "output_type": "execute_result"
    }
   ],
   "source": [
    "netflix.head()"
   ]
  },
  {
   "cell_type": "code",
   "execution_count": 108,
   "id": "8def0d00",
   "metadata": {},
   "outputs": [],
   "source": [
    "from sklearn.preprocessing import LabelEncoder"
   ]
  },
  {
   "cell_type": "code",
   "execution_count": 109,
   "id": "f3388771",
   "metadata": {},
   "outputs": [],
   "source": [
    "le=LabelEncoder()\n",
    "netflix['kind']=le.fit_transform(netflix.kind)"
   ]
  },
  {
   "cell_type": "code",
   "execution_count": 110,
   "id": "dcc9809f",
   "metadata": {},
   "outputs": [],
   "source": [
    "netflix['genre']=le.fit_transform(netflix.genre)\n",
    "netflix['country']=le.fit_transform(netflix.country)\n",
    "netflix['language']=le.fit_transform(netflix.language)\n",
    "netflix['rating_category']=le.fit_transform(netflix.rating_category)"
   ]
  },
  {
   "cell_type": "code",
   "execution_count": 111,
   "id": "1349c222",
   "metadata": {},
   "outputs": [
    {
     "data": {
      "text/html": [
       "<div>\n",
       "<style scoped>\n",
       "    .dataframe tbody tr th:only-of-type {\n",
       "        vertical-align: middle;\n",
       "    }\n",
       "\n",
       "    .dataframe tbody tr th {\n",
       "        vertical-align: top;\n",
       "    }\n",
       "\n",
       "    .dataframe thead th {\n",
       "        text-align: right;\n",
       "    }\n",
       "</style>\n",
       "<table border=\"1\" class=\"dataframe\">\n",
       "  <thead>\n",
       "    <tr style=\"text-align: right;\">\n",
       "      <th></th>\n",
       "      <th>content_id</th>\n",
       "      <th>title</th>\n",
       "      <th>year</th>\n",
       "      <th>kind</th>\n",
       "      <th>genre</th>\n",
       "      <th>rating</th>\n",
       "      <th>vote</th>\n",
       "      <th>country</th>\n",
       "      <th>language</th>\n",
       "      <th>director</th>\n",
       "      <th>runtime</th>\n",
       "      <th>norm_rating</th>\n",
       "      <th>norm_vote</th>\n",
       "      <th>popularity_rating</th>\n",
       "      <th>rating_category</th>\n",
       "    </tr>\n",
       "  </thead>\n",
       "  <tbody>\n",
       "    <tr>\n",
       "      <th>0</th>\n",
       "      <td>0</td>\n",
       "      <td>Dinosaur Planet</td>\n",
       "      <td>2003.0</td>\n",
       "      <td>2</td>\n",
       "      <td>9</td>\n",
       "      <td>7.7</td>\n",
       "      <td>474.0</td>\n",
       "      <td>45</td>\n",
       "      <td>10</td>\n",
       "      <td>Unknown</td>\n",
       "      <td>50.0</td>\n",
       "      <td>0.600000</td>\n",
       "      <td>-0.176875</td>\n",
       "      <td>0.423125</td>\n",
       "      <td>0</td>\n",
       "    </tr>\n",
       "    <tr>\n",
       "      <th>1</th>\n",
       "      <td>1</td>\n",
       "      <td>Get Up and Dance!</td>\n",
       "      <td>1994.0</td>\n",
       "      <td>3</td>\n",
       "      <td>1</td>\n",
       "      <td>8.1</td>\n",
       "      <td>18.0</td>\n",
       "      <td>45</td>\n",
       "      <td>10</td>\n",
       "      <td>Steve Purcell</td>\n",
       "      <td>83.0</td>\n",
       "      <td>0.866667</td>\n",
       "      <td>-0.243258</td>\n",
       "      <td>0.623409</td>\n",
       "      <td>2</td>\n",
       "    </tr>\n",
       "    <tr>\n",
       "      <th>2</th>\n",
       "      <td>2</td>\n",
       "      <td>8 Man</td>\n",
       "      <td>1992.0</td>\n",
       "      <td>0</td>\n",
       "      <td>9</td>\n",
       "      <td>5.5</td>\n",
       "      <td>93.0</td>\n",
       "      <td>25</td>\n",
       "      <td>23</td>\n",
       "      <td>Yasuhiro Horiuchi</td>\n",
       "      <td>99.0</td>\n",
       "      <td>-0.866667</td>\n",
       "      <td>-0.232340</td>\n",
       "      <td>-1.099006</td>\n",
       "      <td>3</td>\n",
       "    </tr>\n",
       "    <tr>\n",
       "      <th>3</th>\n",
       "      <td>3</td>\n",
       "      <td>What the #$*! Do We (K)now!?</td>\n",
       "      <td>2004.0</td>\n",
       "      <td>0</td>\n",
       "      <td>9</td>\n",
       "      <td>5.3</td>\n",
       "      <td>13432.0</td>\n",
       "      <td>45</td>\n",
       "      <td>10</td>\n",
       "      <td>William Arntz</td>\n",
       "      <td>60.0</td>\n",
       "      <td>-1.000000</td>\n",
       "      <td>1.709502</td>\n",
       "      <td>0.709502</td>\n",
       "      <td>2</td>\n",
       "    </tr>\n",
       "    <tr>\n",
       "      <th>4</th>\n",
       "      <td>4</td>\n",
       "      <td>Class of Nuke 'Em High Part II: Subhumanoid Me...</td>\n",
       "      <td>1991.0</td>\n",
       "      <td>0</td>\n",
       "      <td>9</td>\n",
       "      <td>4.5</td>\n",
       "      <td>2177.0</td>\n",
       "      <td>45</td>\n",
       "      <td>10</td>\n",
       "      <td>Eric Louzil</td>\n",
       "      <td>96.0</td>\n",
       "      <td>-1.533333</td>\n",
       "      <td>0.071041</td>\n",
       "      <td>-1.462292</td>\n",
       "      <td>3</td>\n",
       "    </tr>\n",
       "    <tr>\n",
       "      <th>...</th>\n",
       "      <td>...</td>\n",
       "      <td>...</td>\n",
       "      <td>...</td>\n",
       "      <td>...</td>\n",
       "      <td>...</td>\n",
       "      <td>...</td>\n",
       "      <td>...</td>\n",
       "      <td>...</td>\n",
       "      <td>...</td>\n",
       "      <td>...</td>\n",
       "      <td>...</td>\n",
       "      <td>...</td>\n",
       "      <td>...</td>\n",
       "      <td>...</td>\n",
       "      <td>...</td>\n",
       "    </tr>\n",
       "    <tr>\n",
       "      <th>7717</th>\n",
       "      <td>8445</td>\n",
       "      <td>Shakespeare in Love</td>\n",
       "      <td>1998.0</td>\n",
       "      <td>0</td>\n",
       "      <td>9</td>\n",
       "      <td>7.1</td>\n",
       "      <td>218921.0</td>\n",
       "      <td>45</td>\n",
       "      <td>10</td>\n",
       "      <td>John Madden</td>\n",
       "      <td>99.0</td>\n",
       "      <td>0.200000</td>\n",
       "      <td>31.623831</td>\n",
       "      <td>31.823831</td>\n",
       "      <td>4</td>\n",
       "    </tr>\n",
       "    <tr>\n",
       "      <th>7718</th>\n",
       "      <td>8446</td>\n",
       "      <td>All Monsters Attack</td>\n",
       "      <td>1969.0</td>\n",
       "      <td>0</td>\n",
       "      <td>9</td>\n",
       "      <td>3.9</td>\n",
       "      <td>4384.0</td>\n",
       "      <td>25</td>\n",
       "      <td>23</td>\n",
       "      <td>Ishirô Honda</td>\n",
       "      <td>99.0</td>\n",
       "      <td>-1.933333</td>\n",
       "      <td>0.392328</td>\n",
       "      <td>-1.541005</td>\n",
       "      <td>3</td>\n",
       "    </tr>\n",
       "    <tr>\n",
       "      <th>7719</th>\n",
       "      <td>8448</td>\n",
       "      <td>Epoch</td>\n",
       "      <td>2001.0</td>\n",
       "      <td>1</td>\n",
       "      <td>12</td>\n",
       "      <td>4.9</td>\n",
       "      <td>2376.0</td>\n",
       "      <td>45</td>\n",
       "      <td>10</td>\n",
       "      <td>Matt Codd</td>\n",
       "      <td>104.0</td>\n",
       "      <td>-1.266667</td>\n",
       "      <td>0.100011</td>\n",
       "      <td>-1.166656</td>\n",
       "      <td>3</td>\n",
       "    </tr>\n",
       "    <tr>\n",
       "      <th>7720</th>\n",
       "      <td>8449</td>\n",
       "      <td>The Company</td>\n",
       "      <td>2003.0</td>\n",
       "      <td>0</td>\n",
       "      <td>9</td>\n",
       "      <td>6.3</td>\n",
       "      <td>6501.0</td>\n",
       "      <td>45</td>\n",
       "      <td>10</td>\n",
       "      <td>Robert Altman</td>\n",
       "      <td>99.0</td>\n",
       "      <td>-0.333333</td>\n",
       "      <td>0.700513</td>\n",
       "      <td>0.367180</td>\n",
       "      <td>0</td>\n",
       "    </tr>\n",
       "    <tr>\n",
       "      <th>7721</th>\n",
       "      <td>8450</td>\n",
       "      <td>Predator</td>\n",
       "      <td>1987.0</td>\n",
       "      <td>0</td>\n",
       "      <td>9</td>\n",
       "      <td>7.8</td>\n",
       "      <td>386850.0</td>\n",
       "      <td>45</td>\n",
       "      <td>10</td>\n",
       "      <td>John McTiernan</td>\n",
       "      <td>99.0</td>\n",
       "      <td>0.666667</td>\n",
       "      <td>56.070313</td>\n",
       "      <td>56.736980</td>\n",
       "      <td>4</td>\n",
       "    </tr>\n",
       "  </tbody>\n",
       "</table>\n",
       "<p>7706 rows × 15 columns</p>\n",
       "</div>"
      ],
      "text/plain": [
       "      content_id                                              title    year  \\\n",
       "0              0                                    Dinosaur Planet  2003.0   \n",
       "1              1                                  Get Up and Dance!  1994.0   \n",
       "2              2                                              8 Man  1992.0   \n",
       "3              3                       What the #$*! Do We (K)now!?  2004.0   \n",
       "4              4  Class of Nuke 'Em High Part II: Subhumanoid Me...  1991.0   \n",
       "...          ...                                                ...     ...   \n",
       "7717        8445                                Shakespeare in Love  1998.0   \n",
       "7718        8446                                All Monsters Attack  1969.0   \n",
       "7719        8448                                              Epoch  2001.0   \n",
       "7720        8449                                        The Company  2003.0   \n",
       "7721        8450                                           Predator  1987.0   \n",
       "\n",
       "      kind  genre  rating      vote  country  language           director  \\\n",
       "0        2      9     7.7     474.0       45        10            Unknown   \n",
       "1        3      1     8.1      18.0       45        10      Steve Purcell   \n",
       "2        0      9     5.5      93.0       25        23  Yasuhiro Horiuchi   \n",
       "3        0      9     5.3   13432.0       45        10      William Arntz   \n",
       "4        0      9     4.5    2177.0       45        10        Eric Louzil   \n",
       "...    ...    ...     ...       ...      ...       ...                ...   \n",
       "7717     0      9     7.1  218921.0       45        10        John Madden   \n",
       "7718     0      9     3.9    4384.0       25        23       Ishirô Honda   \n",
       "7719     1     12     4.9    2376.0       45        10          Matt Codd   \n",
       "7720     0      9     6.3    6501.0       45        10      Robert Altman   \n",
       "7721     0      9     7.8  386850.0       45        10     John McTiernan   \n",
       "\n",
       "      runtime  norm_rating  norm_vote  popularity_rating  rating_category  \n",
       "0        50.0     0.600000  -0.176875           0.423125                0  \n",
       "1        83.0     0.866667  -0.243258           0.623409                2  \n",
       "2        99.0    -0.866667  -0.232340          -1.099006                3  \n",
       "3        60.0    -1.000000   1.709502           0.709502                2  \n",
       "4        96.0    -1.533333   0.071041          -1.462292                3  \n",
       "...       ...          ...        ...                ...              ...  \n",
       "7717     99.0     0.200000  31.623831          31.823831                4  \n",
       "7718     99.0    -1.933333   0.392328          -1.541005                3  \n",
       "7719    104.0    -1.266667   0.100011          -1.166656                3  \n",
       "7720     99.0    -0.333333   0.700513           0.367180                0  \n",
       "7721     99.0     0.666667  56.070313          56.736980                4  \n",
       "\n",
       "[7706 rows x 15 columns]"
      ]
     },
     "execution_count": 111,
     "metadata": {},
     "output_type": "execute_result"
    }
   ],
   "source": [
    "netflix"
   ]
  },
  {
   "cell_type": "code",
   "execution_count": 112,
   "id": "05a9e3b7",
   "metadata": {},
   "outputs": [
    {
     "data": {
      "text/html": [
       "<div>\n",
       "<style scoped>\n",
       "    .dataframe tbody tr th:only-of-type {\n",
       "        vertical-align: middle;\n",
       "    }\n",
       "\n",
       "    .dataframe tbody tr th {\n",
       "        vertical-align: top;\n",
       "    }\n",
       "\n",
       "    .dataframe thead th {\n",
       "        text-align: right;\n",
       "    }\n",
       "</style>\n",
       "<table border=\"1\" class=\"dataframe\">\n",
       "  <thead>\n",
       "    <tr style=\"text-align: right;\">\n",
       "      <th></th>\n",
       "      <th>content_id</th>\n",
       "      <th>year</th>\n",
       "      <th>kind</th>\n",
       "      <th>genre</th>\n",
       "      <th>rating</th>\n",
       "      <th>vote</th>\n",
       "      <th>country</th>\n",
       "      <th>language</th>\n",
       "      <th>runtime</th>\n",
       "      <th>norm_rating</th>\n",
       "      <th>norm_vote</th>\n",
       "      <th>popularity_rating</th>\n",
       "      <th>rating_category</th>\n",
       "    </tr>\n",
       "  </thead>\n",
       "  <tbody>\n",
       "    <tr>\n",
       "      <th>content_id</th>\n",
       "      <td>1.000000</td>\n",
       "      <td>-0.063001</td>\n",
       "      <td>-0.130994</td>\n",
       "      <td>-0.002087</td>\n",
       "      <td>-0.050835</td>\n",
       "      <td>0.058029</td>\n",
       "      <td>0.106535</td>\n",
       "      <td>-0.093120</td>\n",
       "      <td>0.016195</td>\n",
       "      <td>-0.050835</td>\n",
       "      <td>0.058029</td>\n",
       "      <td>0.054190</td>\n",
       "      <td>0.107741</td>\n",
       "    </tr>\n",
       "    <tr>\n",
       "      <th>year</th>\n",
       "      <td>-0.063001</td>\n",
       "      <td>1.000000</td>\n",
       "      <td>0.288830</td>\n",
       "      <td>-0.006091</td>\n",
       "      <td>-0.162577</td>\n",
       "      <td>-0.009542</td>\n",
       "      <td>-0.036287</td>\n",
       "      <td>-0.087615</td>\n",
       "      <td>0.008863</td>\n",
       "      <td>-0.162577</td>\n",
       "      <td>-0.009542</td>\n",
       "      <td>-0.019648</td>\n",
       "      <td>-0.043954</td>\n",
       "    </tr>\n",
       "    <tr>\n",
       "      <th>kind</th>\n",
       "      <td>-0.130994</td>\n",
       "      <td>0.288830</td>\n",
       "      <td>1.000000</td>\n",
       "      <td>-0.032875</td>\n",
       "      <td>0.044331</td>\n",
       "      <td>-0.117306</td>\n",
       "      <td>0.197321</td>\n",
       "      <td>-0.140774</td>\n",
       "      <td>0.007241</td>\n",
       "      <td>0.044331</td>\n",
       "      <td>-0.117306</td>\n",
       "      <td>-0.113218</td>\n",
       "      <td>-0.123115</td>\n",
       "    </tr>\n",
       "    <tr>\n",
       "      <th>genre</th>\n",
       "      <td>-0.002087</td>\n",
       "      <td>-0.006091</td>\n",
       "      <td>-0.032875</td>\n",
       "      <td>1.000000</td>\n",
       "      <td>-0.079939</td>\n",
       "      <td>0.001459</td>\n",
       "      <td>-0.033168</td>\n",
       "      <td>0.020004</td>\n",
       "      <td>-0.001914</td>\n",
       "      <td>-0.079939</td>\n",
       "      <td>0.001459</td>\n",
       "      <td>-0.003578</td>\n",
       "      <td>0.003489</td>\n",
       "    </tr>\n",
       "    <tr>\n",
       "      <th>rating</th>\n",
       "      <td>-0.050835</td>\n",
       "      <td>-0.162577</td>\n",
       "      <td>0.044331</td>\n",
       "      <td>-0.079939</td>\n",
       "      <td>1.000000</td>\n",
       "      <td>0.146219</td>\n",
       "      <td>0.034380</td>\n",
       "      <td>0.086058</td>\n",
       "      <td>-0.000329</td>\n",
       "      <td>1.000000</td>\n",
       "      <td>0.146219</td>\n",
       "      <td>0.207408</td>\n",
       "      <td>-0.138675</td>\n",
       "    </tr>\n",
       "    <tr>\n",
       "      <th>vote</th>\n",
       "      <td>0.058029</td>\n",
       "      <td>-0.009542</td>\n",
       "      <td>-0.117306</td>\n",
       "      <td>0.001459</td>\n",
       "      <td>0.146219</td>\n",
       "      <td>1.000000</td>\n",
       "      <td>0.047099</td>\n",
       "      <td>-0.027661</td>\n",
       "      <td>-0.006186</td>\n",
       "      <td>0.146219</td>\n",
       "      <td>1.000000</td>\n",
       "      <td>0.998067</td>\n",
       "      <td>0.261925</td>\n",
       "    </tr>\n",
       "    <tr>\n",
       "      <th>country</th>\n",
       "      <td>0.106535</td>\n",
       "      <td>-0.036287</td>\n",
       "      <td>0.197321</td>\n",
       "      <td>-0.033168</td>\n",
       "      <td>0.034380</td>\n",
       "      <td>0.047099</td>\n",
       "      <td>1.000000</td>\n",
       "      <td>-0.253260</td>\n",
       "      <td>0.002416</td>\n",
       "      <td>0.034380</td>\n",
       "      <td>0.047099</td>\n",
       "      <td>0.048735</td>\n",
       "      <td>-0.017726</td>\n",
       "    </tr>\n",
       "    <tr>\n",
       "      <th>language</th>\n",
       "      <td>-0.093120</td>\n",
       "      <td>-0.087615</td>\n",
       "      <td>-0.140774</td>\n",
       "      <td>0.020004</td>\n",
       "      <td>0.086058</td>\n",
       "      <td>-0.027661</td>\n",
       "      <td>-0.253260</td>\n",
       "      <td>1.000000</td>\n",
       "      <td>-0.014025</td>\n",
       "      <td>0.086058</td>\n",
       "      <td>-0.027661</td>\n",
       "      <td>-0.021948</td>\n",
       "      <td>-0.016598</td>\n",
       "    </tr>\n",
       "    <tr>\n",
       "      <th>runtime</th>\n",
       "      <td>0.016195</td>\n",
       "      <td>0.008863</td>\n",
       "      <td>0.007241</td>\n",
       "      <td>-0.001914</td>\n",
       "      <td>-0.000329</td>\n",
       "      <td>-0.006186</td>\n",
       "      <td>0.002416</td>\n",
       "      <td>-0.014025</td>\n",
       "      <td>1.000000</td>\n",
       "      <td>-0.000329</td>\n",
       "      <td>-0.006186</td>\n",
       "      <td>-0.006138</td>\n",
       "      <td>0.019371</td>\n",
       "    </tr>\n",
       "    <tr>\n",
       "      <th>norm_rating</th>\n",
       "      <td>-0.050835</td>\n",
       "      <td>-0.162577</td>\n",
       "      <td>0.044331</td>\n",
       "      <td>-0.079939</td>\n",
       "      <td>1.000000</td>\n",
       "      <td>0.146219</td>\n",
       "      <td>0.034380</td>\n",
       "      <td>0.086058</td>\n",
       "      <td>-0.000329</td>\n",
       "      <td>1.000000</td>\n",
       "      <td>0.146219</td>\n",
       "      <td>0.207408</td>\n",
       "      <td>-0.138675</td>\n",
       "    </tr>\n",
       "    <tr>\n",
       "      <th>norm_vote</th>\n",
       "      <td>0.058029</td>\n",
       "      <td>-0.009542</td>\n",
       "      <td>-0.117306</td>\n",
       "      <td>0.001459</td>\n",
       "      <td>0.146219</td>\n",
       "      <td>1.000000</td>\n",
       "      <td>0.047099</td>\n",
       "      <td>-0.027661</td>\n",
       "      <td>-0.006186</td>\n",
       "      <td>0.146219</td>\n",
       "      <td>1.000000</td>\n",
       "      <td>0.998067</td>\n",
       "      <td>0.261925</td>\n",
       "    </tr>\n",
       "    <tr>\n",
       "      <th>popularity_rating</th>\n",
       "      <td>0.054190</td>\n",
       "      <td>-0.019648</td>\n",
       "      <td>-0.113218</td>\n",
       "      <td>-0.003578</td>\n",
       "      <td>0.207408</td>\n",
       "      <td>0.998067</td>\n",
       "      <td>0.048735</td>\n",
       "      <td>-0.021948</td>\n",
       "      <td>-0.006138</td>\n",
       "      <td>0.207408</td>\n",
       "      <td>0.998067</td>\n",
       "      <td>1.000000</td>\n",
       "      <td>0.250302</td>\n",
       "    </tr>\n",
       "    <tr>\n",
       "      <th>rating_category</th>\n",
       "      <td>0.107741</td>\n",
       "      <td>-0.043954</td>\n",
       "      <td>-0.123115</td>\n",
       "      <td>0.003489</td>\n",
       "      <td>-0.138675</td>\n",
       "      <td>0.261925</td>\n",
       "      <td>-0.017726</td>\n",
       "      <td>-0.016598</td>\n",
       "      <td>0.019371</td>\n",
       "      <td>-0.138675</td>\n",
       "      <td>0.261925</td>\n",
       "      <td>0.250302</td>\n",
       "      <td>1.000000</td>\n",
       "    </tr>\n",
       "  </tbody>\n",
       "</table>\n",
       "</div>"
      ],
      "text/plain": [
       "                   content_id      year      kind     genre    rating  \\\n",
       "content_id           1.000000 -0.063001 -0.130994 -0.002087 -0.050835   \n",
       "year                -0.063001  1.000000  0.288830 -0.006091 -0.162577   \n",
       "kind                -0.130994  0.288830  1.000000 -0.032875  0.044331   \n",
       "genre               -0.002087 -0.006091 -0.032875  1.000000 -0.079939   \n",
       "rating              -0.050835 -0.162577  0.044331 -0.079939  1.000000   \n",
       "vote                 0.058029 -0.009542 -0.117306  0.001459  0.146219   \n",
       "country              0.106535 -0.036287  0.197321 -0.033168  0.034380   \n",
       "language            -0.093120 -0.087615 -0.140774  0.020004  0.086058   \n",
       "runtime              0.016195  0.008863  0.007241 -0.001914 -0.000329   \n",
       "norm_rating         -0.050835 -0.162577  0.044331 -0.079939  1.000000   \n",
       "norm_vote            0.058029 -0.009542 -0.117306  0.001459  0.146219   \n",
       "popularity_rating    0.054190 -0.019648 -0.113218 -0.003578  0.207408   \n",
       "rating_category      0.107741 -0.043954 -0.123115  0.003489 -0.138675   \n",
       "\n",
       "                       vote   country  language   runtime  norm_rating  \\\n",
       "content_id         0.058029  0.106535 -0.093120  0.016195    -0.050835   \n",
       "year              -0.009542 -0.036287 -0.087615  0.008863    -0.162577   \n",
       "kind              -0.117306  0.197321 -0.140774  0.007241     0.044331   \n",
       "genre              0.001459 -0.033168  0.020004 -0.001914    -0.079939   \n",
       "rating             0.146219  0.034380  0.086058 -0.000329     1.000000   \n",
       "vote               1.000000  0.047099 -0.027661 -0.006186     0.146219   \n",
       "country            0.047099  1.000000 -0.253260  0.002416     0.034380   \n",
       "language          -0.027661 -0.253260  1.000000 -0.014025     0.086058   \n",
       "runtime           -0.006186  0.002416 -0.014025  1.000000    -0.000329   \n",
       "norm_rating        0.146219  0.034380  0.086058 -0.000329     1.000000   \n",
       "norm_vote          1.000000  0.047099 -0.027661 -0.006186     0.146219   \n",
       "popularity_rating  0.998067  0.048735 -0.021948 -0.006138     0.207408   \n",
       "rating_category    0.261925 -0.017726 -0.016598  0.019371    -0.138675   \n",
       "\n",
       "                   norm_vote  popularity_rating  rating_category  \n",
       "content_id          0.058029           0.054190         0.107741  \n",
       "year               -0.009542          -0.019648        -0.043954  \n",
       "kind               -0.117306          -0.113218        -0.123115  \n",
       "genre               0.001459          -0.003578         0.003489  \n",
       "rating              0.146219           0.207408        -0.138675  \n",
       "vote                1.000000           0.998067         0.261925  \n",
       "country             0.047099           0.048735        -0.017726  \n",
       "language           -0.027661          -0.021948        -0.016598  \n",
       "runtime            -0.006186          -0.006138         0.019371  \n",
       "norm_rating         0.146219           0.207408        -0.138675  \n",
       "norm_vote           1.000000           0.998067         0.261925  \n",
       "popularity_rating   0.998067           1.000000         0.250302  \n",
       "rating_category     0.261925           0.250302         1.000000  "
      ]
     },
     "execution_count": 112,
     "metadata": {},
     "output_type": "execute_result"
    }
   ],
   "source": [
    "netflix.corr()"
   ]
  },
  {
   "cell_type": "markdown",
   "id": "9d333508",
   "metadata": {},
   "source": [
    "Let's eliminate variables with a correlation>0.9"
   ]
  },
  {
   "cell_type": "code",
   "execution_count": 113,
   "id": "1bd96948",
   "metadata": {},
   "outputs": [],
   "source": [
    "netflix.drop(['rating','vote','norm_vote'],axis=1,inplace=True)"
   ]
  },
  {
   "cell_type": "code",
   "execution_count": 114,
   "id": "d841a9d6",
   "metadata": {},
   "outputs": [
    {
     "data": {
      "text/html": [
       "<div>\n",
       "<style scoped>\n",
       "    .dataframe tbody tr th:only-of-type {\n",
       "        vertical-align: middle;\n",
       "    }\n",
       "\n",
       "    .dataframe tbody tr th {\n",
       "        vertical-align: top;\n",
       "    }\n",
       "\n",
       "    .dataframe thead th {\n",
       "        text-align: right;\n",
       "    }\n",
       "</style>\n",
       "<table border=\"1\" class=\"dataframe\">\n",
       "  <thead>\n",
       "    <tr style=\"text-align: right;\">\n",
       "      <th></th>\n",
       "      <th>content_id</th>\n",
       "      <th>year</th>\n",
       "      <th>kind</th>\n",
       "      <th>genre</th>\n",
       "      <th>country</th>\n",
       "      <th>language</th>\n",
       "      <th>runtime</th>\n",
       "      <th>norm_rating</th>\n",
       "      <th>popularity_rating</th>\n",
       "      <th>rating_category</th>\n",
       "    </tr>\n",
       "  </thead>\n",
       "  <tbody>\n",
       "    <tr>\n",
       "      <th>content_id</th>\n",
       "      <td>1.000000</td>\n",
       "      <td>-0.063001</td>\n",
       "      <td>-0.130994</td>\n",
       "      <td>-0.002087</td>\n",
       "      <td>0.106535</td>\n",
       "      <td>-0.093120</td>\n",
       "      <td>0.016195</td>\n",
       "      <td>-0.050835</td>\n",
       "      <td>0.054190</td>\n",
       "      <td>0.107741</td>\n",
       "    </tr>\n",
       "    <tr>\n",
       "      <th>year</th>\n",
       "      <td>-0.063001</td>\n",
       "      <td>1.000000</td>\n",
       "      <td>0.288830</td>\n",
       "      <td>-0.006091</td>\n",
       "      <td>-0.036287</td>\n",
       "      <td>-0.087615</td>\n",
       "      <td>0.008863</td>\n",
       "      <td>-0.162577</td>\n",
       "      <td>-0.019648</td>\n",
       "      <td>-0.043954</td>\n",
       "    </tr>\n",
       "    <tr>\n",
       "      <th>kind</th>\n",
       "      <td>-0.130994</td>\n",
       "      <td>0.288830</td>\n",
       "      <td>1.000000</td>\n",
       "      <td>-0.032875</td>\n",
       "      <td>0.197321</td>\n",
       "      <td>-0.140774</td>\n",
       "      <td>0.007241</td>\n",
       "      <td>0.044331</td>\n",
       "      <td>-0.113218</td>\n",
       "      <td>-0.123115</td>\n",
       "    </tr>\n",
       "    <tr>\n",
       "      <th>genre</th>\n",
       "      <td>-0.002087</td>\n",
       "      <td>-0.006091</td>\n",
       "      <td>-0.032875</td>\n",
       "      <td>1.000000</td>\n",
       "      <td>-0.033168</td>\n",
       "      <td>0.020004</td>\n",
       "      <td>-0.001914</td>\n",
       "      <td>-0.079939</td>\n",
       "      <td>-0.003578</td>\n",
       "      <td>0.003489</td>\n",
       "    </tr>\n",
       "    <tr>\n",
       "      <th>country</th>\n",
       "      <td>0.106535</td>\n",
       "      <td>-0.036287</td>\n",
       "      <td>0.197321</td>\n",
       "      <td>-0.033168</td>\n",
       "      <td>1.000000</td>\n",
       "      <td>-0.253260</td>\n",
       "      <td>0.002416</td>\n",
       "      <td>0.034380</td>\n",
       "      <td>0.048735</td>\n",
       "      <td>-0.017726</td>\n",
       "    </tr>\n",
       "    <tr>\n",
       "      <th>language</th>\n",
       "      <td>-0.093120</td>\n",
       "      <td>-0.087615</td>\n",
       "      <td>-0.140774</td>\n",
       "      <td>0.020004</td>\n",
       "      <td>-0.253260</td>\n",
       "      <td>1.000000</td>\n",
       "      <td>-0.014025</td>\n",
       "      <td>0.086058</td>\n",
       "      <td>-0.021948</td>\n",
       "      <td>-0.016598</td>\n",
       "    </tr>\n",
       "    <tr>\n",
       "      <th>runtime</th>\n",
       "      <td>0.016195</td>\n",
       "      <td>0.008863</td>\n",
       "      <td>0.007241</td>\n",
       "      <td>-0.001914</td>\n",
       "      <td>0.002416</td>\n",
       "      <td>-0.014025</td>\n",
       "      <td>1.000000</td>\n",
       "      <td>-0.000329</td>\n",
       "      <td>-0.006138</td>\n",
       "      <td>0.019371</td>\n",
       "    </tr>\n",
       "    <tr>\n",
       "      <th>norm_rating</th>\n",
       "      <td>-0.050835</td>\n",
       "      <td>-0.162577</td>\n",
       "      <td>0.044331</td>\n",
       "      <td>-0.079939</td>\n",
       "      <td>0.034380</td>\n",
       "      <td>0.086058</td>\n",
       "      <td>-0.000329</td>\n",
       "      <td>1.000000</td>\n",
       "      <td>0.207408</td>\n",
       "      <td>-0.138675</td>\n",
       "    </tr>\n",
       "    <tr>\n",
       "      <th>popularity_rating</th>\n",
       "      <td>0.054190</td>\n",
       "      <td>-0.019648</td>\n",
       "      <td>-0.113218</td>\n",
       "      <td>-0.003578</td>\n",
       "      <td>0.048735</td>\n",
       "      <td>-0.021948</td>\n",
       "      <td>-0.006138</td>\n",
       "      <td>0.207408</td>\n",
       "      <td>1.000000</td>\n",
       "      <td>0.250302</td>\n",
       "    </tr>\n",
       "    <tr>\n",
       "      <th>rating_category</th>\n",
       "      <td>0.107741</td>\n",
       "      <td>-0.043954</td>\n",
       "      <td>-0.123115</td>\n",
       "      <td>0.003489</td>\n",
       "      <td>-0.017726</td>\n",
       "      <td>-0.016598</td>\n",
       "      <td>0.019371</td>\n",
       "      <td>-0.138675</td>\n",
       "      <td>0.250302</td>\n",
       "      <td>1.000000</td>\n",
       "    </tr>\n",
       "  </tbody>\n",
       "</table>\n",
       "</div>"
      ],
      "text/plain": [
       "                   content_id      year      kind     genre   country  \\\n",
       "content_id           1.000000 -0.063001 -0.130994 -0.002087  0.106535   \n",
       "year                -0.063001  1.000000  0.288830 -0.006091 -0.036287   \n",
       "kind                -0.130994  0.288830  1.000000 -0.032875  0.197321   \n",
       "genre               -0.002087 -0.006091 -0.032875  1.000000 -0.033168   \n",
       "country              0.106535 -0.036287  0.197321 -0.033168  1.000000   \n",
       "language            -0.093120 -0.087615 -0.140774  0.020004 -0.253260   \n",
       "runtime              0.016195  0.008863  0.007241 -0.001914  0.002416   \n",
       "norm_rating         -0.050835 -0.162577  0.044331 -0.079939  0.034380   \n",
       "popularity_rating    0.054190 -0.019648 -0.113218 -0.003578  0.048735   \n",
       "rating_category      0.107741 -0.043954 -0.123115  0.003489 -0.017726   \n",
       "\n",
       "                   language   runtime  norm_rating  popularity_rating  \\\n",
       "content_id        -0.093120  0.016195    -0.050835           0.054190   \n",
       "year              -0.087615  0.008863    -0.162577          -0.019648   \n",
       "kind              -0.140774  0.007241     0.044331          -0.113218   \n",
       "genre              0.020004 -0.001914    -0.079939          -0.003578   \n",
       "country           -0.253260  0.002416     0.034380           0.048735   \n",
       "language           1.000000 -0.014025     0.086058          -0.021948   \n",
       "runtime           -0.014025  1.000000    -0.000329          -0.006138   \n",
       "norm_rating        0.086058 -0.000329     1.000000           0.207408   \n",
       "popularity_rating -0.021948 -0.006138     0.207408           1.000000   \n",
       "rating_category   -0.016598  0.019371    -0.138675           0.250302   \n",
       "\n",
       "                   rating_category  \n",
       "content_id                0.107741  \n",
       "year                     -0.043954  \n",
       "kind                     -0.123115  \n",
       "genre                     0.003489  \n",
       "country                  -0.017726  \n",
       "language                 -0.016598  \n",
       "runtime                   0.019371  \n",
       "norm_rating              -0.138675  \n",
       "popularity_rating         0.250302  \n",
       "rating_category           1.000000  "
      ]
     },
     "execution_count": 114,
     "metadata": {},
     "output_type": "execute_result"
    }
   ],
   "source": [
    "netflix.corr()"
   ]
  },
  {
   "cell_type": "code",
   "execution_count": 115,
   "id": "9b2c1e01",
   "metadata": {},
   "outputs": [],
   "source": [
    "X=netflix[[\"year\",\"kind\",\"genre\",\"country\",\"language\",\"runtime\",\"norm_rating\",\"popularity_rating\"]]\n",
